3.84 0.4 [0.7234713083204031, 10.393351734771105, 285.4476443735065]
3.84 0.6 [0.7683635406227349, 11.722061165384707, 342.21006030657713]
3.84 0.8 [0.8118133753336361, 13.29000453007112, 413.0475838331186]
4.2 0.4 [0.6549240648453601, 8.517078068250541, 211.73994916930275]
4.2 0.6 [0.6913898316415417, 9.491974888129388, 249.22117202639086]
4.2 0.8 [0.7321914763626481, 10.646182175842457, 296.2493551260318]
4.6 0.4 [0.5925556565530901, 6.9716384668089875, 156.79263367166055]
4.6 0.6 [0.6222699428384502, 7.686567779994569, 181.5330645898202]
4.6 0.8 [0.6556474367320644, 8.522463199695466, 212.1769427366781]
5.0 0.4 [0.5410336479193079, 5.811723583736472, 119.33226350417013]
5.0 0.6 [0.5656763859661585, 6.3524142687159495, 136.38002523416944]
5.0 0.8 [0.5928302758821368, 6.976114510825974, 157.12377752755702]
