time,sample_at,depth_deg,position,velocity,feedback_torque,command_position,command_velocity,kp,kd,feedforward_torque,estimated_torque,limited,phase,temperature_c,held_j1,held_j2,held_j3,held_j4,held_j5,held_j6
0.0,0.0,0.011488007061892607,1.3997994964522775,0.0,0.1600043682060231,1.3997994964522775,0.0,0.0,0.034,0.0,0.0,False,fall,,0.0,0.0,0.0,0.0,0.0,0.0
0.001999999999995339,0.001999999999995339,0.011488007061892607,1.3997994964522775,0.0,0.16000830261043827,1.3997994964522775,0.0,0.0,0.034,0.0,0.0,False,fall,,0.0,0.0,0.0,0.0,0.0,0.0
0.003999999999990678,0.003999999999990678,0.011488007061892607,1.3997994964522775,0.0,0.16003761880825795,1.3997994964522775,0.0,0.0,0.034,0.0,0.0,False,fall,,0.0,0.0,0.0,0.0,0.0,0.0
0.0059999999999860165,0.0059999999999860165,0.011488007061892607,1.3997994964522775,-0.016113527122911423,0.0004095118891708973,1.3997994964522775,0.0,0.0,0.034,0.0,0.0005478599221789884,False,fall,,0.0,0.0,0.0,0.0,0.0,0.0
0.007999999999981355,0.007999999999981355,0.011488007061892607,1.3997994964522775,-0.032227054245822846,0.0009502043900584205,1.3997994964522775,0.0,0.0,0.034,0.0,0.0010957198443579768,False,fall,,0.0,0.0,0.0,0.0,0.0,0.0
0.009999999999976694,0.009999999999976694,0.011488007061892607,1.3997994964522775,-0.047333485923552306,0.001487983058594219,1.3997994964522775,0.0,0.0,0.034,0.0,0.0016093385214007785,False,fall,,0.0,0.0,0.0,0.0,0.0,0.0
0.011999999999972033,0.011999999999972033,0.011488007061892607,1.3997994964522775,-0.06344701304646373,0.002022863597638902,1.3997994964522775,0.0,0.0,0.034,0.0,0.002157198443579767,False,fall,,0.0,0.0,0.0,0.0,0.0,0.0
0.013999999999967372,0.013999999999967372,0.03346734477393886,1.3994158846417946,-0.07855344472419319,0.0025548616254291875,1.3994158846417946,0.0,0.0,0.034,0.0,0.0026708171206225686,False,fall,,0.0,0.0,0.0,0.0,0.0,0.0
0.01599999999996271,0.01599999999996271,0.03346734477393886,1.3994158846417946,-0.09466697184710461,0.0030839926760339482,1.3994158846417946,0.0,0.0,0.034,0.0,0.003218677042801557,False,fall,,0.0,0.0,0.0,0.0,0.0,0.0
0.01799999999995805,0.01799999999995805,0.05544668248598511,1.3990322728313116,-0.10977340352483407,0.0036102721998077956,1.3990322728313116,0.0,0.0,0.034,0.0,0.0037322957198443587,False,fall,,0.0,0.0,0.0,0.0,0.0,0.0
0.01999999999995339,0.01999999999995339,0.05544668248598511,1.3990322728313116,-0.1258869306477455,0.004133715563842224,1.3990322728313116,0.0,0.0,0.034,0.0,0.004280155642023348,False,fall,,0.0,0.0,0.0,0.0,0.0,0.0
0.021999999999948727,0.021999999999948727,0.07742602019803137,1.3986486610208286,-0.14099336232547496,0.004654338052414325,1.3986486610208286,0.0,0.0,0.034,0.0,0.004793774319066149,False,fall,,0.0,0.0,0.0,0.0,0.0,0.0
0.023999999999944066,0.023999999999944066,0.09940535791007762,1.3982650492103457,-0.15609979400320442,0.00517215486743307,1.3982650492103457,0.0,0.0,0.034,0.0,0.005307392996108951,False,fall,,0.0,0.0,0.0,0.0,0.0,0.0
0.025999999999939405,0.025999999999939405,0.12138469562212387,1.3978814373998627,-0.17120622568093388,0.0056871811288832135,1.3978814373998627,0.0,0.0,0.034,0.0,0.005821011673151752,False,fall,,0.0,0.0,0.0,0.0,0.0,0.0
0.027999999999934744,0.027999999999934744,0.14336403333417014,1.3974978255893797,-0.18631265735866334,0.006199431875266773,1.3974978255893797,0.0,0.0,0.034,0.0,0.006334630350194554,False,fall,,0.0,0.0,0.0,0.0,0.0,0.0
0.029999999999930083,0.029999999999930083,0.16534337104621638,1.3971142137788968,-0.2014190890363928,0.0067089220640421604,1.3971142137788968,0.0,0.0,0.034,0.0,0.006848249027237355,False,fall,,0.0,0.0,0.0,0.0,0.0,0.0
0.03199999999992542,0.03199999999992542,0.1873227087582499,1.396730601968414,-0.21551842526894027,0.007215666572060919,1.396730601968414,0.0,0.0,0.034,0.0,0.00732762645914397,False,fall,,0.0,0.0,0.0,0.0,0.0,0.0
0.03399999999992076,0.03399999999992076,0.20930204647029615,1.396346990157931,-0.23062485694666973,0.007719680196002129,1.396346990157931,0.0,0.0,0.034,0.0,0.007841245136186772,False,fall,,0.0,0.0,0.0,0.0,0.0,0.0
0.0359999999999161,0.0359999999999161,0.23128138418234243,1.395963378347448,-0.2457312886243992,0.008220977652804457,1.395963378347448,0.0,0.0,0.034,0.0,0.008354863813229573,False,fall,,0.0,0.0,0.0,0.0,0.0,0.0
0.03799999999991144,0.03799999999991144,0.25326072189438864,1.3955797665369651,-0.2598306248569467,0.008719573580095891,1.3955797665369651,0.0,0.0,0.034,0.0,0.008834241245136189,False,fall,,0.0,0.0,0.0,0.0,0.0,0.0
0.03999999999990678,0.03999999999990678,0.2972193973184812,1.3948125429159992,-0.27493705653467615,0.009215482536621137,1.3948125429159992,0.0,0.0,0.034,0.0,0.00934785992217899,False,fall,,0.0,0.0,0.0,0.0,0.0,0.0
0.041999999999902116,0.041999999999902116,0.3191987350305274,1.3944289311055162,-0.28903639276722365,0.009708719002666748,1.3944289311055162,0.0,0.0,0.034,0.0,0.009827237354085605,False,fall,,0.0,0.0,0.0,0.0,0.0,0.0
0.043999999999897454,0.043999999999897454,0.3631574104546199,1.3936617074845503,-0.30313572899977115,0.010199297380483922,1.3936617074845503,0.0,0.0,0.034,0.0,0.01030661478599222,False,fall,,0.0,0.0,0.0,0.0,0.0,0.0
0.04599999999989279,0.04599999999989279,0.3851367481666662,1.3932780956740674,-0.3182421606775006,0.010687231994709044,1.3932780956740674,0.0,0.0,0.034,0.0,0.010820233463035022,False,fall,,0.0,0.0,0.0,0.0,0.0,0.0
0.04799999999988813,0.04799999999988813,0.4290954235907587,1.3925108720531014,-0.3323414969100481,0.011172537092781971,1.3925108720531014,0.0,0.0,0.034,0.0,0.011299610894941636,False,fall,,0.0,0.0,0.0,0.0,0.0,0.0
0.04999999999988347,0.04999999999988347,0.47305409901483847,1.3917436484321357,-0.3464408331425956,0.011655226845362033,1.3917436484321357,0.0,0.0,0.034,0.0,0.011778988326848252,False,fall,,0.0,0.0,0.0,0.0,0.0,0.0
0.05199999999987881,0.05199999999987881,0.517012774438931,1.3909764248111698,-0.3605401693751431,0.012135315346741818,1.3909764248111698,0.0,0.0,0.034,0.0,0.012258365758754866,False,fall,,0.0,0.0,0.0,0.0,0.0,0.0
0.05399999999987415,0.05399999999987415,0.5609714498630235,1.3902092011902039,-0.3746395056076906,0.01261281661525872,1.3902092011902039,0.0,0.0,0.034,0.0,0.01273774319066148,False,fall,,0.0,0.0,0.0,0.0,0.0,0.0
0.05599999999986949,0.05599999999986949,0.604930125287116,1.389441977569238,-0.3887388418402381,0.01308774459370426,1.389441977569238,0.0,0.0,0.034,0.0,0.013217120622568097,False,fall,,0.0,0.0,0.0,0.0,0.0,0.0
0.057999999999864826,0.057999999999864826,0.6488888007112085,1.388674753948272,-0.4018310826276036,0.01356011314973121,1.388674753948272,0.0,0.0,0.034,0.0,0.013662256809338523,False,fall,,0.0,0.0,0.0,0.0,0.0,0.0
0.059999999999860165,0.059999999999860165,0.692847476135301,1.387907530327306,-0.4159304188601511,0.01402993607625853,1.387907530327306,0.0,0.0,0.034,0.0,0.014141634241245139,False,fall,,0.0,0.0,0.0,0.0,0.0,0.0
0.061999999999855504,0.061999999999855504,0.7368061515593936,1.3871403067063401,-0.4300297550926986,0.014497227091874102,1.3871403067063401,0.0,0.0,0.034,0.0,0.014621011673151753,False,fall,,0.0,0.0,0.0,0.0,0.0,0.0
0.06399999999985084,0.06399999999985084,0.7807648269834733,1.3863730830853744,-0.4431219958800641,0.014961999841235314,1.3863730830853744,0.0,0.0,0.034,0.0,0.01506614785992218,False,fall,,0.0,0.0,0.0,0.0,0.0,0.0
0.06599999999984618,0.06599999999984618,0.846702840119612,1.3852222476539255,-0.4572213321126116,0.015424267895467471,1.3852222476539255,0.0,0.0,0.034,0.0,0.015545525291828797,False,fall,,0.0,0.0,0.0,0.0,0.0,0.0
0.06799999999984152,0.06799999999984152,0.8906615155437045,1.3844550240329596,-0.47031357289997716,0.015884044752560073,1.3844550240329596,0.0,0.0,0.034,0.0,0.015990661478599226,False,fall,,0.0,0.0,0.0,0.0,0.0,0.0
0.06999999999983686,0.06999999999983686,0.9565995286798433,1.3833041886015107,-0.48441290913252466,0.016341343837760938,1.3833041886015107,0.0,0.0,0.034,0.0,0.01647003891050584,False,fall,,0.0,0.0,0.0,0.0,0.0,0.0
0.0719999999998322,0.0719999999998322,1.0005582041039358,1.3825369649805448,-0.4975051499198902,0.016796178503968227,1.3825369649805448,0.0,0.0,0.034,0.0,0.016915175097276268,False,fall,,0.0,0.0,0.0,0.0,0.0,0.0
0.07399999999982754,0.07399999999982754,1.0664962172400745,1.381386129549096,-0.5105973907072557,0.01724856203212033,1.381386129549096,0.0,0.0,0.034,0.0,0.017360311284046696,False,fall,,0.0,0.0,0.0,0.0,0.0,0.0
0.07599999999982288,0.07599999999982288,1.1324342303762007,1.3802352941176472,-0.5236896314946212,0.017698507631583656,1.3802352941176472,0.0,0.0,0.034,0.0,0.017805447470817123,False,fall,,0.0,0.0,0.0,0.0,0.0,0.0
0.07799999999981821,0.07799999999981821,1.176392905800293,1.3794680704966813,-0.5367818722819868,0.018146028440538364,1.3794680704966813,0.0,0.0,0.034,0.0,0.018250583657587555,False,fall,,0.0,0.0,0.0,0.0,0.0,0.0
0.07999999999981355,0.07999999999981355,1.2423309189364318,1.3783172350652324,-0.5498741130693523,0.018591137526361975,1.3783172350652324,0.0,0.0,0.034,0.0,0.01869571984435798,False,fall,,0.0,0.0,0.0,0.0,0.0,0.0
0.08199999999980889,0.08199999999980889,1.3082689320725707,1.3771663996337835,-0.5629663538567179,0.01903384788601093,1.3771663996337835,0.0,0.0,0.034,0.0,0.01914085603112841,False,fall,,0.0,0.0,0.0,0.0,0.0,0.0
0.08399999999980423,0.08399999999980423,1.3742069452086967,1.3760155642023348,-0.5760585946440834,0.0194741724464001,1.3760155642023348,0.0,0.0,0.034,0.0,0.019585992217898838,False,fall,,0.0,0.0,0.0,0.0,0.0,0.0
0.08599999999979957,0.08599999999979957,1.4401449583448354,1.374864728770886,-0.5891508354314489,0.019912124064780243,1.374864728770886,0.0,0.0,0.034,0.0,0.020031128404669262,False,fall,,0.0,0.0,0.0,0.0,0.0,0.0
0.08799999999979491,0.08799999999979491,1.5060829714809743,1.373713893339437,-0.6012359807736325,0.020347715529113432,1.373713893339437,0.0,0.0,0.034,0.0,0.020442023346303507,False,fall,,0.0,0.0,0.0,0.0,0.0,0.0
0.08999999999979025,0.08999999999979025,1.572020984617113,1.3725630579079882,-0.614328221560998,0.02078095955844646,1.3725630579079882,0.0,0.0,0.034,0.0,0.02088715953307393,False,fall,,0.0,0.0,0.0,0.0,0.0,0.0
0.09199999999978559,0.09199999999978559,1.659938335465298,1.3710286106660563,-0.6274204623483636,0.021211868803282217,1.3710286106660563,0.0,0.0,0.034,0.0,0.021332295719844362,False,fall,,0.0,0.0,0.0,0.0,0.0,0.0
0.09399999999978093,0.09399999999978093,1.725876348601424,1.3698777752346076,-0.6395056076905471,0.0216404558459491,1.3698777752346076,0.0,0.0,0.034,0.0,0.021743190661478604,False,fall,,0.0,0.0,0.0,0.0,0.0,0.0
0.09599999999977626,0.09599999999977626,1.7918143617375628,1.3687269398031587,-0.6525978484779127,0.022066733200968372,1.3687269398031587,0.0,0.0,0.034,0.0,0.02218832684824903,False,fall,,0.0,0.0,0.0,0.0,0.0,0.0
0.0979999999997716,0.0979999999997716,1.8797317125857478,1.3671924925612269,-0.6646829938200962,0.022490713315419623,1.3671924925612269,0.0,0.0,0.034,0.0,0.022599221789883273,False,fall,,0.0,0.0,0.0,0.0,0.0,0.0
0.09999999999976694,0.09999999999976694,1.9456697257218865,1.366041657129778,-0.6767681391622797,0.022912408569304196,1.366041657129778,0.0,0.0,0.034,0.0,0.023010116731517514,False,fall,,0.0,0.0,0.0,0.0,0.0,0.0
0.10199999999976228,0.10199999999976228,2.033587076570059,1.3645072098878464,-0.6888532845044634,0.023331831275906684,1.3645072098878464,0.0,0.0,0.034,0.0,0.023421011673151755,False,fall,,0.0,0.0,0.0,0.0,0.0,0.0
0.10399999999975762,0.10399999999975762,2.1215044274182437,1.3629727626459145,-0.7019455252918289,0.023748993682154457,1.3629727626459145,0.0,0.0,0.034,0.0,0.023866147859922183,False,fall,,0.0,0.0,0.0,0.0,0.0,0.0
0.10599999999975296,0.10599999999975296,2.1874424405543826,1.3618219272144656,-0.7140306706340125,0.02416390796897529,1.3618219272144656,0.0,0.0,0.034,0.0,0.024277042801556428,False,fall,,0.0,0.0,0.0,0.0,0.0,0.0
0.1079999999997483,0.1079999999997483,2.275359791402555,1.360287479972534,-0.726115815976196,0.024576586251653012,1.360287479972534,0.0,0.0,0.034,0.0,0.024687937743190665,False,fall,,0.0,0.0,0.0,0.0,0.0,0.0
0.10999999999974364,0.10999999999974364,2.3632771422507397,1.358753032730602,-0.7382009613183795,0.024987040580181297,1.358753032730602,0.0,0.0,0.034,0.0,0.025098832684824907,False,fall,,0.0,0.0,0.0,0.0,0.0,0.0
0.11199999999973898,0.11199999999973898,2.451194493098925,1.3572185854886702,-0.7502861066605632,0.025395282939615488,1.3572185854886702,0.0,0.0,0.034,0.0,0.025509727626459148,False,fall,,0.0,0.0,0.0,0.0,0.0,0.0
0.11399999999973431,0.11399999999973431,2.53911184394711,1.3556841382467384,-0.7613641565575647,0.025801325250422568,1.3556841382467384,0.0,0.0,0.034,0.0,0.025886381322957203,False,fall,,0.0,0.0,0.0,0.0,0.0,0.0
0.11599999999972965,0.11599999999972965,2.6270291947952824,1.3541496910048068,-0.7734493018997484,0.026205179368829244,1.3541496910048068,0.0,0.0,0.034,0.0,0.026297276264591447,False,fall,,0.0,0.0,0.0,0.0,0.0,0.0
0.11799999999972499,0.11799999999972499,2.714946545643467,1.352615243762875,-0.7855344472419319,0.02660685708716812,1.352615243762875,0.0,0.0,0.034,0.0,0.026708171206225685,False,fall,,0.0,0.0,0.0,0.0,0.0,0.0
0.11999999999972033,0.11999999999972033,2.8028638964916524,1.351080796520943,-0.7976195925841154,0.027006370134222038,1.351080796520943,0.0,0.0,0.034,0.0,0.027119066147859926,False,fall,,0.0,0.0,0.0,0.0,0.0,0.0
0.12199999999971567,0.12199999999971567,2.8907812473398247,1.3495463492790114,-0.8086976424811171,0.02740373017556656,1.3495463492790114,0.0,0.0,0.034,0.0,0.02749571984435798,False,fall,,0.0,0.0,0.0,0.0,0.0,0.0
0.12399999999971101,0.12399999999971101,2.9786985981880094,1.3480119020370795,-0.8207827878233006,0.027798948813910564,1.3480119020370795,0.0,0.0,0.034,0.0,0.027906614785992222,False,fall,,0.0,0.0,0.0,0.0,0.0,0.0
0.12599999999970635,0.12599999999970635,3.088595286748241,1.3460938429846647,-0.8318608377203022,0.028192037589435098,1.3460938429846647,0.0,0.0,0.034,0.0,0.028283268482490277,False,fall,,0.0,0.0,0.0,0.0,0.0,0.0
0.12799999999970169,0.12799999999970169,3.1765126375964132,1.344559395742733,-0.8439459830624858,0.02858300798013028,1.344559395742733,0.0,0.0,0.034,0.0,0.02869416342412452,False,fall,,0.0,0.0,0.0,0.0,0.0,0.0
0.12999999999969702,0.12999999999969702,3.264429988444598,1.3430249485008012,-0.8550240329594874,0.028971871402130495,1.3430249485008012,0.0,0.0,0.034,0.0,0.029070817120622573,False,fall,,0.0,0.0,0.0,0.0,0.0,0.0
0.13199999999969236,0.13199999999969236,3.3743266770048295,1.3411068894483864,-0.866102082856489,0.029358639210047718,1.3411068894483864,0.0,0.0,0.034,0.0,0.029447470817120628,False,fall,,0.0,0.0,0.0,0.0,0.0,0.0
0.1339999999996877,0.1339999999996877,3.462244027853002,1.3395724422064548,-0.8771801327534906,0.029743322697303076,1.3395724422064548,0.0,0.0,0.034,0.0,0.029824124513618683,False,fall,,0.0,0.0,0.0,0.0,0.0,0.0
0.13599999999968304,0.13599999999968304,3.572140716413233,1.33765438315404,-0.8892652780956741,0.030125933096456607,1.33765438315404,0.0,0.0,0.034,0.0,0.030235019455252924,False,fall,,0.0,0.0,0.0,0.0,0.0,0.0
0.13799999999967838,0.13799999999967838,3.6820374049734643,1.3357363241016251,-0.9003433279926758,0.03050648157953523,1.3357363241016251,0.0,0.0,0.034,0.0,0.03061167315175098,False,fall,,0.0,0.0,0.0,0.0,0.0,0.0
0.13999999999967372,0.13999999999967372,3.7699547558216366,1.3342018768596935,-0.9114213778896774,0.03088497925835899,1.3342018768596935,0.0,0.0,0.034,0.0,0.030988326848249034,False,fall,,0.0,0.0,0.0,0.0,0.0,0.0
0.14199999999966906,0.14199999999966906,3.8798514443818677,1.3322838178072787,-0.9224994277866789,0.031261437184865494,1.3322838178072787,0.0,0.0,0.034,0.0,0.03136498054474709,False,fall,,0.0,0.0,0.0,0.0,0.0,0.0
0.1439999999996644,0.1439999999996644,3.989748132942099,1.3303657587548638,-0.9335774776836806,0.031635866351432625,1.3303657587548638,0.0,0.0,0.034,0.0,0.03174163424124514,False,fall,,0.0,0.0,0.0,0.0,0.0,0.0
0.14599999999965974,0.14599999999965974,4.099644821502317,1.3284476997024492,-0.9436484321355002,0.03200827769119953,1.3284476997024492,0.0,0.0,0.034,0.0,0.03208404669260701,False,fall,,0.0,0.0,0.0,0.0,0.0,0.0
0.14799999999965507,0.14799999999965507,4.209541510062548,1.3265296406500344,-0.9547264820325018,0.03237868207838584,1.3265296406500344,0.0,0.0,0.034,0.0,0.03246070038910506,False,fall,,0.0,0.0,0.0,0.0,0.0,0.0
0.1499999999996504,0.1499999999996504,4.31943819862278,1.3246115815976196,-0.9658045319295034,0.032747090328609216,1.3246115815976196,0.0,0.0,0.034,0.0,0.03283735408560312,False,fall,,0.0,0.0,0.0,0.0,0.0,0.0
0.15199999999964575,0.15199999999964575,4.429334887182999,1.322693522545205,-0.976882581826505,0.03311351319920114,1.322693522545205,0.0,0.0,0.034,0.0,0.03321400778210117,False,fall,,0.0,0.0,0.0,0.0,0.0,0.0
0.1539999999996411,0.1539999999996411,4.53923157574323,1.3207754634927902,-0.9869535362783247,0.03347796138952102,1.3207754634927902,0.0,0.0,0.034,0.0,0.033556420233463044,False,fall,,0.0,0.0,0.0,0.0,0.0,0.0
0.15599999999963643,0.15599999999963643,4.649128264303449,1.3188574044403756,-0.9980315861753263,0.03384044554126863,1.3188574044403756,0.0,0.0,0.034,0.0,0.033933073929961095,False,fall,,0.0,0.0,0.0,0.0,0.0,0.0
0.15799999999963177,0.15799999999963177,4.7810042905757255,1.3165557335774778,-1.008102540627146,0.03420097623879482,1.3165557335774778,0.0,0.0,0.034,0.0,0.03427548638132297,False,fall,,0.0,0.0,0.0,0.0,0.0,0.0
0.1599999999996271,0.1599999999996271,4.8909009791359574,1.314637674525063,-1.0191805905241476,0.03455956400941058,1.314637674525063,0.0,0.0,0.034,0.0,0.03465214007782102,False,fall,,0.0,0.0,0.0,0.0,0.0,0.0
0.16199999999962245,0.16199999999962245,5.000797667696176,1.3127196154726484,-1.0292515449759672,0.03491621932369443,1.3127196154726484,0.0,0.0,0.034,0.0,0.03499455252918288,False,fall,,0.0,0.0,0.0,0.0,0.0,0.0
0.16399999999961778,0.16399999999961778,5.132673693968453,1.3104179446097506,-1.0403295948729687,0.03527095259579817,1.3104179446097506,0.0,0.0,0.034,0.0,0.03537120622568094,False,fall,,0.0,0.0,0.0,0.0,0.0,0.0
0.16599999999961312,0.16599999999961312,5.242570382528672,1.308499885557336,-1.0504005493247883,0.03562377418375096,1.308499885557336,0.0,0.0,0.034,0.0,0.035713618677042806,False,fall,,0.0,0.0,0.0,0.0,0.0,0.0
0.16799999999960846,0.16799999999960846,5.374446408800949,1.3061982146944382,-1.060471503776608,0.035974694389761745,1.3061982146944382,0.0,0.0,0.034,0.0,0.03605603112840467,False,fall,,0.0,0.0,0.0,0.0,0.0,0.0
0.1699999999996038,0.1699999999996038,5.48434309736118,1.3042801556420234,-1.0705424582284278,0.0363237234605201,1.3042801556420234,0.0,0.0,0.034,0.0,0.03639844357976654,False,fall,,0.0,0.0,0.0,0.0,0.0,0.0
0.17199999999959914,0.17199999999959914,5.616219123633446,1.3019784847791258,-1.0806134126802474,0.03667087158749545,1.3019784847791258,0.0,0.0,0.034,0.0,0.036740856031128415,False,fall,,0.0,0.0,0.0,0.0,0.0,0.0
0.17399999999959448,0.17399999999959448,5.726115812193677,1.300060425726711,-1.091691462577249,0.03701614890723459,1.300060425726711,0.0,0.0,0.034,0.0,0.037117509727626466,False,fall,,0.0,0.0,0.0,0.0,0.0,0.0
0.17599999999958982,0.17599999999958982,5.857991838465941,1.2977587548638134,-1.1017624170290685,0.03735956550165774,1.2977587548638134,0.0,0.0,0.034,0.0,0.03745992217898833,False,fall,,0.0,0.0,0.0,0.0,0.0,0.0
0.17799999999958516,0.17799999999958516,5.989867864738219,1.2954570840009156,-1.1118333714808881,0.03770113139835286,1.2954570840009156,0.0,0.0,0.034,0.0,0.037802334630350196,False,fall,,0.0,0.0,0.0,0.0,0.0,0.0
0.1799999999995805,0.1799999999995805,6.121743891010497,1.2931554131380179,-1.1208972304875258,0.038040856570868524,1.2931554131380179,0.0,0.0,0.034,0.0,0.03811050583657588,False,fall,,0.0,0.0,0.0,0.0,0.0,0.0
0.18199999999957583,0.18199999999957583,6.253619917282761,1.2908537422751203,-1.1309681849393456,0.038378750939005085,1.2908537422751203,0.0,0.0,0.034,0.0,0.03845291828793775,False,fall,,0.0,0.0,0.0,0.0,0.0,0.0
0.18399999999957117,0.18399999999957117,6.385495943555039,1.2885520714122225,-1.1410391393911652,0.03871482436910436,1.2885520714122225,0.0,0.0,0.034,0.0,0.03879533073929962,False,fall,,0.0,0.0,0.0,0.0,0.0,0.0
0.1859999999995665,0.1859999999995665,6.517371969827304,1.286250400549325,-1.1511100938429848,0.03904908667433772,1.286250400549325,0.0,0.0,0.034,0.0,0.03913774319066149,False,fall,,0.0,0.0,0.0,0.0,0.0,0.0
0.18799999999956185,0.18799999999956185,6.649247996099581,1.2839487296864271,-1.1611810482948044,0.03938154761499258,1.2839487296864271,0.0,0.0,0.034,0.0,0.039480155642023354,False,fall,,0.0,0.0,0.0,0.0,0.0,0.0
0.1899999999995572,0.1899999999995572,6.781124022371846,1.2816470588235296,-1.170244907301442,0.03971221689875747,1.2816470588235296,0.0,0.0,0.034,0.0,0.03978832684824903,False,fall,,0.0,0.0,0.0,0.0,0.0,0.0
0.19199999999955253,0.19199999999955253,6.913000048644124,1.2793453879606318,-1.1803158617532616,0.04004110418100549,1.2793453879606318,0.0,0.0,0.034,0.0,0.0401307392996109,False,fall,,0.0,0.0,0.0,0.0,0.0,0.0
0.19399999999954787,0.19399999999954787,7.044876074916388,1.2770437170977342,-1.1893797207598995,0.040368219065076136,1.2770437170977342,0.0,0.0,0.034,0.0,0.04043891050583659,False,fall,,0.0,0.0,0.0,0.0,0.0,0.0
0.1959999999995432,0.1959999999995432,7.176752101188666,1.2747420462348364,-1.199450675211719,0.04069357110255585,1.2747420462348364,0.0,0.0,0.034,0.0,0.040781322957198454,False,fall,,0.0,0.0,0.0,0.0,0.0,0.0
0.19799999999953855,0.19799999999953855,7.330607465172977,1.272056763561456,-1.2085145342183568,0.04101716979355683,1.272056763561456,0.0,0.0,0.034,0.0,0.04108949416342413,False,fall,,0.0,0.0,0.0,0.0,0.0,0.0
0.19999999999953388,0.19999999999953388,7.462483491445254,1.2697550926985581,-1.2185854886701764,0.04133902458699447,1.2697550926985581,0.0,0.0,0.034,0.0,0.041431906614786,False,fall,,0.0,0.0,0.0,0.0,0.0,0.0
0.20199999999952922,0.20199999999952922,7.594359517717532,1.2674534218356603,-1.227649347676814,0.041659144880863246,1.2674534218356603,0.0,0.0,0.034,0.0,0.041740077821011676,False,fall,,0.0,0.0,0.0,0.0,0.0,0.0
0.20399999999952456,0.20399999999952456,7.748214881701843,1.2647681391622798,-1.2367132066834516,0.041977540022511146,1.2647681391622798,0.0,0.0,0.034,0.0,0.04204824902723736,False,fall,,0.0,0.0,0.0,0.0,0.0,0.0
0.2059999999995199,0.2059999999995199,7.88009090797412,1.262466468299382,-1.2457770656900895,0.042294219308912584,1.2549918059052414,-1.2457770656900895,40.0,1.8,0.15944353398944666,-0.13954296177617853,False,catch,,0.0,0.0,0.0,0.0,0.0,0.0
0.20799999999951524,0.20799999999951524,8.033946271958431,1.2597811856260015,-1.255848020141909,0.04260919198693991,1.2525039707420615,-1.2402350511240554,40.0,1.8,0.26882631627734105,0.005841065151879599,False,catch,,0.0,0.0,0.0,0.0,0.0,0.0
0.20999999999951058,0.20999999999951058,8.165822298230708,1.2574795147631037,-1.2649118791485467,0.042922467253633356,1.250037866384436,-1.2241920110391702,40.0,1.8,0.3694640443669584,0.14509387181712924,False,catch,,0.0,0.0,0.0,0.0,0.0,0.0
0.21199999999950592,0.21199999999950592,8.31967766221502,1.2547942320897232,-1.2649118791485467,0.1752979113847566,1.2476136203779822,-1.1985224508552594,40.0,1.8,0.46135671825829894,0.29363322071657594,False,catch,,0.0,0.0,0.0,0.0,0.0,0.0
0.21399999999950126,0.21399999999950126,8.451553688487298,1.2524925612268254,-1.2528267338063632,0.28000632329686453,1.245249611257479,-1.1641008759921492,40.0,1.8,0.5445043379513623,0.414492883243088,False,catch,,0.0,0.0,0.0,0.0,0.0,0.0
0.2159999999994966,0.2159999999994966,8.60540905247161,1.2498072785534449,-1.2316777294575418,0.3755777070786335,1.242962468546864,-1.1218017918696643,40.0,1.8,0.618906903446149,0.5428911908410976,False,catch,,0.0,0.0,0.0,0.0,0.0,0.0
0.21799999999949193,0.21799999999949193,8.737285078743886,1.247505607690547,-1.200457770656901,0.46217322677300554,1.240767072759237,-1.0724997039076314,40.0,1.8,0.6845644147426584,0.6453475376389419,False,catch,,0.0,0.0,0.0,0.0,0.0,0.0
0.21999999999948727,0.21999999999948727,8.86916110501615,1.2452039368276495,-1.1601739528496224,0.5399336580689782,1.2386765553968568,-1.0170691175258755,40.0,1.8,0.741476871840891,0.7379703181919283,False,catch,,0.0,0.0,0.0,0.0,0.0,0.0
0.2219999999994826,0.2219999999994826,9.00103713128843,1.2429022659647517,-1.113847562371252,0.6089818690391868,1.236702298951143,-0.9563845381442224,40.0,1.8,0.7896442747408463,0.8250790378051474,False,catch,,0.0,0.0,0.0,0.0,0.0,0.0
0.22399999999947795,0.22399999999947795,9.132913157560694,1.2406005951018542,-1.060471503776608,0.6694250129649584,1.2348539369026756,-0.8913204711824978,40.0,1.8,0.829066623442525,0.9036721541447823,False,catch,,0.0,0.0,0.0,0.0,0.0,0.0
0.2259999999994733,0.2259999999994733,9.242809846120924,1.2386825360494393,-1.0010528725108723,0.7213564658087521,1.2331393537211948,-0.8227514220605272,40.0,1.8,0.8597439179459263,0.9589592356267644,False,catch,,0.0,0.0,0.0,0.0,0.0,0.0
0.22799999999946863,0.22799999999946863,9.352706534681156,1.2367644769970245,-0.9376058594644084,0.764857537267162,1.2315646848656012,-0.7515518961981368,40.0,1.8,0.8816761582510511,1.008581606873408,False,catch,,0.0,0.0,0.0,0.0,0.0,0.0
0.22999999999946397,0.22999999999946397,9.462603223241373,1.23484641794461,-0.8691233691920349,0.7999989811108015,1.2301343167839562,-0.6785963990151518,40.0,1.8,0.8948633443578986,1.0493278442501408,False,catch,,0.0,0.0,0.0,0.0,0.0,0.0
0.2319999999994593,0.2319999999994593,9.550520574089559,1.233311970702678,-0.7986266880292974,0.8268423276464967,1.2288508869134809,-0.6047594359313977,40.0,1.8,0.8993054762664692,1.0698231784748014,False,catch,,0.0,0.0,0.0,0.0,0.0,0.0
0.23399999999945464,0.23399999999945464,9.638437924937744,1.2317775234607462,-0.726115815976196,0.8454410585850459,1.227715283680557,-0.5309155123667006,40.0,1.8,0.8950025539767628,1.0838735092662837,False,catch,,0.0,0.0,0.0,0.0,0.0,0.0
0.23599999999944998,0.23599999999944998,9.726355275785917,1.2302430762188146,-0.6515907530327306,0.8558416423266058,1.2267266465007265,-0.4579391337408859,40.0,1.8,0.8819545774887794,1.0898703034905768,False,catch,,0.0,0.0,0.0,0.0,0.0,0.0
0.23799999999944532,0.23799999999944532,9.792293288922055,1.2290922407873657,-0.5780727855344473,0.8580844456567435,1.225882365778692,-0.3867048054737795,40.0,1.8,0.860161546802519,1.0762289105647707,False,catch,,0.0,0.0,0.0,0.0,0.0,0.0
0.23999999999944066,0.23999999999944066,9.858231302058194,1.2279414053559168,-0.504554818036164,0.8522045360511823,1.2251780829083159,-0.31808703298520635,40.0,1.8,0.8296234619179819,1.054732577105669,False,catch,,0.0,0.0,0.0,0.0,0.0,0.0
0.241999999999436,0.241999999999436,9.902189977482287,1.2271741817349509,-0.4320439459830625,0.8382323871904858,1.2246076902726217,-0.2529603216949933,40.0,1.8,0.7903403228351675,1.0100311880605273,False,catch,,0.0,0.0,0.0,0.0,0.0,0.0
0.24399999999943134,0.24399999999943134,9.946148652906379,1.226406958113985,-0.36154726482032506,0.8161944988672841,1.224163331243793,-0.1921991770229651,40.0,1.8,0.742312129554076,0.9573936127816451,False,catch,,0.0,0.0,0.0,0.0,0.0,0.0
0.24599999999942668,0.24599999999942668,9.990107328330472,1.225639734493019,-0.2950789654383154,0.7861139412070827,1.223835400183173,-0.13667810438894754,40.0,1.8,0.685538882074708,0.8984870595697324,False,catch,,0.0,0.0,0.0,0.0,0.0,0.0
0.24799999999942202,0.24799999999942202,10.012086666042505,1.2252561226825363,-0.23163195239185172,0.748010832002737,1.2236125424412665,-0.08727160921276646,40.0,1.8,0.6200205803970628,0.8141259884686257,False,catch,,0.0,0.0,0.0,0.0,0.0,0.0
0.24999999999941735,0.24999999999941735,10.034066003754551,1.2248725108720533,-0.17422751201647976,0.7019027549663924,1.2234816543577376,-0.04485419691424759,40.0,1.8,0.5457572245211403,0.7229949311325302,False,catch,,0.0,0.0,0.0,0.0,0.0,0.0
0.2519999999994127,0.2519999999994127,10.056045341466598,1.2244888990615703,-0.12185854886701764,0.6478051258174654,1.2234278832614114,-0.010300372913216721,40.0,1.8,0.46274881444694094,0.6211128991574251,False,catch,,0.0,0.0,0.0,0.0,0.0,0.0
0.25399999999940803,0.25399999999940803,10.056045341466598,1.2244888990615703,-0.07653925383382926,0.585731512339084,1.223435566474073,0.01771873179690888,40.0,1.8,0.4401909044290343,0.5677219750644714,False,return,,0.0,0.0,0.0,0.0,0.0,0.0
0.25599999999940337,0.25599999999940337,10.056045341466598,1.2244888990615703,-0.03826962691691463,0.5156939138363956,1.223499540511172,0.04648144980803603,40.0,1.8,0.45375995634314226,0.5667375524321179,False,return,,0.0,0.0,0.0,0.0,0.0,0.0
0.2579999999993987,0.2579999999993987,10.078024679178643,1.2241052872510874,-0.008056763561455712,0.4377030048104742,1.2236223589667752,0.0765442843356208,40.0,1.8,0.4661970503005478,0.5991618051427984,False,return,,0.0,0.0,0.0,0.0,0.0,0.0
0.25999999999939405,0.25999999999939405,10.078024679178643,1.2241052872510874,0.019134813458457314,0.415321966583645,1.2238065096412285,0.10779518424668329,40.0,1.8,0.4775250795550512,0.6251626425795036,False,return,,0.0,0.0,0.0,0.0,0.0,0.0
0.2619999999993894,0.2619999999993894,10.056045341466598,1.2244888990615703,0.04834058136873427,0.4292951259376194,1.2240542585219376,0.14012438773362346,40.0,1.8,0.4877669373604523,0.6355921672319442,False,return,,0.0,0.0,0.0,0.0,0.0,0.0
0.2639999999993847,0.2639999999993847,10.056045341466598,1.2244888990615703,0.07855344472419319,0.44191100992435806,1.2243676543620172,0.1734244223142214,40.0,1.8,0.49694551697055167,0.6628634886504783,False,return,,0.0,0.0,0.0,0.0,0.0,0.0
0.26599999999938007,0.26599999999938007,10.034066003754551,1.2248725108720533,0.10977340352483407,0.4532338690990594,1.2247485332589434,0.20759010483163712,40.0,1.8,0.5050837116391489,0.6761946694669987,False,return,,0.0,0.0,0.0,0.0,0.0,0.0
0.2679999999993754,0.2679999999993754,10.034066003754551,1.2248725108720533,0.14300755321583888,0.4633226377686102,1.2251985232332046,0.24251854145441068,40.0,1.8,0.5122044146200443,0.704364687895524,False,return,,0.0,0.0,0.0,0.0,0.0,0.0
0.26999999999937074,0.26999999999937074,10.012086666042505,1.2252561226825363,0.17624170290684368,0.4722315610556039,1.2257190488069512,0.27810912767646223,40.0,1.8,0.518330519167038,0.7202089287289473,False,return,,0.0,0.0,0.0,0.0,0.0,0.0
0.2719999999993661,0.2719999999993661,9.990107328330472,1.225639734493019,0.21048294804303047,0.48001075022533884,1.2263113355826463,0.3142635483170917,40.0,1.8,0.5234849185339302,0.7371540426123312,False,return,,0.0,0.0,0.0,0.0,0.0,0.0
0.2739999999993614,0.2739999999993614,9.968127990618425,1.226023346303502,0.2457312886243992,0.4867066743215119,1.2269764148217182,0.35088577752097927,40.0,1.8,0.5276905059745208,0.7550913267170126,False,return,,0.0,0.0,0.0,0.0,0.0,0.0
0.27599999999935676,0.27599999999935676,9.924169315194332,1.2267905699244679,0.2819867246509499,0.49236259526466325,1.2277151280232086,0.3878820787581849,40.0,1.8,0.5309701747426098,0.758564136085261,False,return,,0.0,0.0,0.0,0.0,0.0,0.0
0.2779999999993521,0.2779999999993521,9.902189977482287,1.2271741817349509,0.3182421606775006,0.4970189527737767,1.2285281315024257,0.42516100482414876,40.0,1.8,0.5333468180919976,0.7799587282549574,False,return,,0.0,0.0,0.0,0.0,0.0,0.0
0.27999999999934744,0.27999999999934744,9.858231302058194,1.2279414053559168,0.35550469214923325,0.50071370476493,1.2294159009695937,0.4626333978396909,40.0,1.8,0.534843329276484,0.7866548240663864,False,return,,0.0,0.0,0.0,0.0,0.0,0.0
0.2819999999993428,0.2819999999993428,9.814272626634102,1.2287086289768827,0.39276722362096594,0.5034826282522868,1.2303787361085037,0.5002123892510113,40.0,1.8,0.5354826015498694,0.7956881849487899,False,return,,0.0,0.0,0.0,0.0,0.0,0.0
0.2839999999993381,0.2839999999993381,9.770313951210008,1.2294758525978486,0.4300297550926986,0.5053595852179817,1.2314167651551642,0.5378133998296901,40.0,1.8,0.5352875281659539,0.8069345909851604,False,return,,0.0,0.0,0.0,0.0,0.0,0.0
0.28599999999933345,0.28599999999933345,9.704375938073882,1.2306266880292973,0.46829938200961324,0.5063767574192721,1.232529949476453,0.5753541396726876,40.0,1.8,0.534281002378537,0.8031100240582986,False,return,,0.0,0.0,0.0,0.0,0.0,0.0
0.2879999999993288,0.2879999999993288,9.66041726264979,1.2313939116502632,0.5055619134813459,0.5065648536593682,1.2337180881487668,0.6127546082023437,40.0,1.8,0.5324859174414198,0.8183998278793592,False,return,,0.0,0.0,0.0,0.0,0.0,0.0
0.28999999999932413,0.28999999999932413,9.594479249513652,1.2325447470817121,0.5438315403982605,0.5059532926542619,1.2349808225366723,0.6499370941663782,40.0,1.8,0.5299251666084015,0.8183581815894199,False,return,,0.0,0.0,0.0,0.0,0.0,0.0
0.29199999999931947,0.29199999999931947,9.528541236377514,1.233695582513161,0.5810940718699932,0.5045703642778352,1.2363176408715573,0.686826175637892,40.0,1.8,0.5266216431332824,0.8218217642513499,False,return,,0.0,0.0,0.0,0.0,0.0,0.0
0.2939999999993148,0.2939999999993148,9.462603223241373,1.23484641794461,0.6183566033417258,0.5024433716560665,1.237727882830281,0.7233487200153642,40.0,1.8,0.5225982402698631,0.8268426457092514,False,return,,0.0,0.0,0.0,0.0,0.0,0.0
0.29599999999931015,0.29599999999931015,9.396665210105247,1.2359972533760586,0.6556191348134586,0.49959875630429634,1.2392107441138247,0.759433884022656,40.0,1.8,0.5178778512719432,0.8332840293591429,False,return,,0.0,0.0,0.0,0.0,0.0,0.0
0.2979999999993055,0.2979999999993055,9.308747859257064,1.2375317006179904,0.6928816662851912,0.49606220825512637,1.2407652810259433,0.7950131137090066,40.0,1.8,0.5124833693933226,0.8256631910743044,False,return,,0.0,0.0,0.0,0.0,0.0,0.0
0.2999999999993008,0.2999999999993008,9.220830508408879,1.2390661478599223,0.7291371023117419,0.4918587629056495,1.2423904150518152,0.8300201444490367,40.0,1.8,0.5064376878878022,0.8209978514106503,False,return,,0.0,0.0,0.0,0.0,0.0,0.0
0.30199999999929616,0.30199999999929616,9.132913157560694,1.2406005951018542,0.7653925383382926,0.48701288611808546,1.2440849374366936,0.8643910009427462,40.0,1.8,0.49976370000918124,0.8173346260907741,False,return,,0.0,0.0,0.0,0.0,0.0,0.0
0.3039999999992915,0.3039999999992915,9.044995806712521,1.2421350423437858,0.8006408789196613,0.4815485489347563,1.2458475137645568,0.8980639972155149,40.0,1.8,0.49248429901126,0.8163447687746376,False,return,,0.0,0.0,0.0,0.0,0.0,0.0
0.30599999999928684,0.30599999999928684,8.957078455864336,1.2436694895857177,0.8348821240558482,0.47548929311474153,1.24767668853676,0.9309797366181033,40.0,1.8,0.48462237814783915,0.8178860388015945,False,return,,0.0,0.0,0.0,0.0,0.0,0.0
0.3079999999992822,0.3079999999992822,8.847181767304104,1.2455875486381325,0.8691233691920349,0.46885828856280315,1.2495708897506843,0.9630811118266517,40.0,1.8,0.47620083067271846,0.8046584119171017,False,return,,0.0,0.0,0.0,0.0,0.0,0.0
0.3099999999992775,0.3099999999992775,8.759264416455933,1.2471219958800641,0.9023575188830397,0.4616783835997062,1.2515284334783887,0.9943133048426802,40.0,1.8,0.4672425498396977,0.8090204685000346,False,return,,0.0,0.0,0.0,0.0,0.0,0.0
0.31199999999927286,0.31199999999927286,8.6493677278957,1.249040054932479,0.9345845731288626,0.4539721489153004,1.2535475284452613,1.024623786993089,40.0,1.8,0.45777042890257746,0.8001399543694792,False,return,,0.0,0.0,0.0,0.0,0.0,0.0
0.3139999999992682,0.3139999999992682,8.539471039335469,1.2509581139848938,0.9668116273746854,0.4457619159497353,1.2556262806086687,1.0539623189301575,40.0,1.8,0.4478073611151574,0.7914052708660029,False,return,,0.0,0.0,0.0,0.0,0.0,0.0
0.31599999999926354,0.31599999999926354,8.429574350775251,1.2528761730373084,0.9980315861753263,0.4370698103634662,1.2577626977366076,1.0822809506315467,40.0,1.8,0.43737623973123796,0.7844860837244063,False,return,,0.0,0.0,0.0,0.0,0.0,0.0
0.3179999999992589,0.3179999999992589,8.31967766221502,1.2547942320897232,1.0272373540856032,0.42791778118058427,1.2599546939863557,1.1095340214002962,40.0,1.8,0.42649995800461915,0.7810524350363686,False,return,,0.0,0.0,0.0,0.0,0.0,0.0
0.3199999999992542,0.3199999999992542,8.187801635942755,1.2570959029526207,1.05644312199588,0.41832762612326524,1.262200094483122,1.1356781598648262,40.0,1.8,0.41520140918910087,0.7619921385732532,False,return,,0.0,0.0,0.0,0.0,0.0,0.0
0.32199999999924955,0.32199999999924955,8.077904947382525,1.2590139620050356,1.0846417944609752,0.4083210135956696,1.264496639898697,1.1606722839789378,40.0,1.8,0.40350348653848345,0.7596654834172727,False,return,,0.0,0.0,0.0,0.0,0.0,0.0
0.3239999999992449,0.3239999999992449,7.946028921110246,1.2613156328679334,1.1108262760357062,0.3979195017224703,1.2668419910301054,1.18447760102181,40.0,1.8,0.3914290833065668,0.7450557947684364,False,return,,0.0,0.0,0.0,0.0,0.0,0.0
0.32599999999924023,0.32599999999924023,7.8141528948379815,1.263617303730831,1.1370107576104374,0.3871445548004678,1.2692337333782548,1.2070576075980042,40.0,1.8,0.3790010927471511,0.7297426086217284,False,return,,0.0,0.0,0.0,0.0,0.0,0.0
0.32799999999923557,0.32799999999923557,7.682276868565704,1.2659189745937287,1.1611810482948044,0.37601755748012045,1.2716693817265878,1.2283780896374585,40.0,1.8,0.3662424081140364,0.717213367845179,False,return,,0.0,0.0,0.0,0.0,0.0,0.0
0.3299999999992309,0.3299999999992309,7.550400842293439,1.2682206454566263,1.1843442435339897,0.3645598269569822,1.2741463847197319,1.2484071223954956,40.0,1.8,0.35317592266102316,0.7055186751359568,False,return,,0.0,0.0,0.0,0.0,0.0,0.0
0.33199999999922625,0.33199999999922625,7.396545478309116,1.270905928130007,1.2065003433279928,0.3527926234201295,1.2766621294421503,1.2671150704528134,40.0,1.8,0.3398245296419107,0.6791790909523185,False,return,,0.0,0.0,0.0,0.0,0.0,0.0
0.3339999999992216,0.3339999999992216,7.264669452036851,1.2732075989929046,1.226642252231632,0.3407371589759243,1.2792139459967942,1.2844745877154944,40.0,1.8,0.32621112231049976,0.6705632063370351,False,return,,0.0,0.0,0.0,0.0,0.0,0.0
0.3359999999992169,0.3359999999992169,7.132793425764573,1.2755092698558024,1.2467841611352715,0.3284146052394874,1.281799112083751,1.300460617414997,40.0,1.8,0.31235859392059107,0.6605699043420454,False,return,,0.0,0.0,0.0,0.0,0.0,0.0
0.33799999999921226,0.33799999999921226,6.978938061780262,1.278194552529183,1.2649118791485467,0.31584609976375344,1.2844148575788972,1.3150503921081618,40.0,1.8,0.29828983772598294,0.6373513630418608,False,return,,0.0,0.0,0.0,0.0,0.0,0.0
0.3399999999992076,0.3399999999992076,6.8250826977959385,1.2808798352025637,1.2810254062714581,0.303052751455641,1.2870583691125481,1.3282234336772096,40.0,1.8,0.28402774698047684,0.6161255527102081,False,return,,0.0,0.0,0.0,0.0,0.0,0.0
0.34199999999920294,0.34199999999920294,6.693206671523674,1.2831815060654612,1.2971389333943695,0.2900556451108598,1.2897267946481088,1.3399615533297398,40.0,1.8,0.2695952149378723,0.608487474127442,False,return,,0.0,0.0,0.0,0.0,0.0,0.0
0.3439999999991983,0.3439999999991983,6.5393513075393495,1.285866788738842,1.3102311741817352,0.27687584518360575,1.2924172480607248,1.3502488515987339,40.0,1.8,0.2550151348519696,0.5890653270778796,False,return,,0.0,0.0,0.0,0.0,0.0,0.0
0.3459999999991936,0.3459999999991936,6.385495943555039,1.2885520714122225,1.3233234149691007,0.26353439889280994,1.2951268137159337,1.3590717183425498,40.0,1.8,0.24031039997656856,0.5676470381972268,False,return,,0.0,0.0,0.0,0.0,0.0,0.0
0.34799999999918896,0.34799999999918896,6.231640579570715,1.2912373540856033,1.3344014648661022,0.25005233875448507,1.2978525510483143,1.3664188327449305,40.0,1.8,0.22550390356547023,0.5477430442558038,False,return,,0.0,0.0,0.0,0.0,0.0,0.0
0.3499999999991843,0.3499999999991843,6.077785215586404,1.2939226367589838,1.3444724193179218,0.23645068461898572,1.3005914991401386,1.3722811633149938,40.0,1.8,0.21061853887247362,0.5274287733133963,False,return,,0.0,0.0,0.0,0.0,0.0,0.0
0.35199999999917964,0.35199999999917964,5.92392985160208,1.2966079194323645,1.3525291828793775,0.22275044528196553,1.3033406813000226,1.3766519678872415,40.0,1.8,0.19567719915137904,0.5084086868718556,False,return,,0.0,0.0,0.0,0.0,0.0,0.0
0.353999999999175,0.353999999999175,5.770074487617769,1.299293202105745,1.3585717555504693,0.2089726197294604,1.3060971096415757,1.3795267936215536,40.0,1.8,0.18070277765598697,0.4905781476171628,False,return,,0.0,0.0,0.0,0.0,0.0,0.0
0.3559999999991703,0.3559999999991703,5.616219123633446,1.3019784847791258,1.364614328221561,0.19513819807000482,1.3088577896620535,1.3809034770031894,40.0,1.8,0.16571816764009772,0.4702108307641347,False,return,,0.0,0.0,0.0,0.0,0.0,0.0
0.35799999999916565,0.35799999999916565,5.462363759649135,1.3046637674525063,1.3676356145571071,0.18126816220015254,1.3116197248210069,1.3807821438427912,40.0,1.8,0.15074626235751043,0.4526483098117625,False,return,,0.0,0.0,0.0,0.0,0.0,0.0
0.359999999999161,0.359999999999161,5.308508395664811,1.307349050125887,1.370656900892653,0.16738348624341207,1.314379921118934,1.379165209276376,40.0,1.8,0.13580995506202548,0.4323597498746024,False,return,,0.0,0.0,0.0,0.0,0.0,0.0
0.36199999999915633,0.36199999999915633,5.132673693968453,1.3104179446097506,1.370656900892653,0.1535051367981917,1.3171353916759292,1.3760573777653484,40.0,1.8,0.12093213900744348,0.3993508800254394,False,return,,0.0,0.0,0.0,0.0,0.0,0.0
0.36399999999915167,0.36399999999915167,4.978818329984129,1.3131032272831313,1.370656900892653,0.13965407302509872,1.3198831613103368,1.3714656430964849,40.0,1.8,0.10613570744756484,0.37878880450268004,False,return,,0.0,0.0,0.0,0.0,0.0,0.0
0.365999999999147,0.365999999999147,4.824962965999818,1.3157885099565119,1.368642710002289,0.12585124660037816,1.322620271117398,1.3653992883819464,40.0,1.8,0.09144355363618817,0.35887584115501636,False,return,,0.0,0.0,0.0,0.0,0.0,0.0
0.36799999999914235,0.36799999999914235,4.6711076020154945,1.3184737926298926,1.364614328221561,0.1121176015585437,1.3253437830479058,1.3578698860592748,40.0,1.8,0.07687857082711508,0.3395381916555268,False,return,,0.0,0.0,0.0,0.0,0.0,0.0
0.3699999999991377,0.3699999999991377,4.517252238031183,1.3211590753032731,1.3595788509956512,0.0984740740442965,1.3280507844868519,1.3488912978913883,40.0,1.8,0.062463652274144965,0.318894424029621,False,return,,0.0,0.0,0.0,0.0,0.0,0.0
0.371999999999133,0.371999999999133,4.36339687404686,1.323844357976654,1.3525291828793775,0.08494159199071535,1.3307383928320802,1.3384796749665884,40.0,1.8,0.04822169123107839,0.2986939712051091,False,return,,0.0,0.0,0.0,0.0,0.0,0.0
0.37399999999912836,0.37399999999912836,4.209541510062548,1.3265296406500344,1.3444724193179218,0.07154107473909657,1.3334037600729363,1.3266534576985565,40.0,1.8,0.034175580951714024,0.2770662269529298,False,return,,0.0,0.0,0.0,0.0,0.0,0.0
0.3759999999991237,0.3759999999991237,4.055686146078225,1.3292149233234152,1.3354085603112842,0.05829343261275681,1.3360440773689186,1.3134333758263517,40.0,1.8,0.02034821468985415,0.25395904443711315,False,return,,0.0,0.0,0.0,0.0,0.0,0.0
0.37799999999911904,0.37799999999911904,3.901830782093914,1.3319002059967957,1.3243305104142826,0.04521956645615081,1.3386565796283292,1.298842448414412,40.0,1.8,0.0067624856992972715,0.2311389193608693,False,return,,0.0,0.0,0.0,0.0,0.0,0.0
0.3799999999991144,0.3799999999991144,3.7479754181096028,1.3345854886701762,1.312245365072099,0.032340367148441976,1.3412385500869237,1.2829059838525625,40.0,1.8,-0.006558712766156105,0.20675285770857743,False,return,,0.0,0.0,0.0,0.0,0.0,0.0
0.3819999999991097,0.3819999999991097,3.594120054125279,1.337270771343557,1.2991531242847334,0.01967671509949307,1.3437873248865635,1.265651579856001,40.0,1.8,-0.019592487452705892,0.1807668742958363,False,return,,0.0,0.0,0.0,0.0,0.0,0.0
0.38399999999910506,0.38399999999910506,3.462244027853002,1.3395724422064548,1.284046692607004,0.007249479735169494,1.3463002976538658,1.2471091234653062,40.0,1.8,-0.032315945106551974,0.17031064833483434,False,return,,0.0,0.0,0.0,0.0,0.0,0.0
0.3859999999991004,0.3859999999991004,3.3083886638686906,1.3422577248798353,1.2679331654840926,-0.0049204810225124684,1.348774924078854,1.227310791046439,40.0,1.8,-0.0447061924738939,0.1428615014990782,False,return,,0.0,0.0,0.0,0.0,0.0,0.0
0.38799999999909573,0.38799999999909573,3.154533299884367,1.344943007553216,1.2498054474708173,-0.01681232127556273,1.3512087264936083,1.2062910482907434,40.0,1.8,-0.05674033630093228,0.11556250279062644,False,return,,0.0,0.0,0.0,0.0,0.0,0.0
0.3899999999990911,0.3899999999990911,3.022657273612102,1.3472446784161136,1.2306706340123599,-0.028405207666660742,1.3535992984509184,1.1840866502149354,40.0,1.8,-0.06839548333386622,0.10193814722296188,False,return,,0.0,0.0,0.0,0.0,0.0,0.0
0.3919999999990864,0.3919999999990864,2.8688019096277784,1.3499299610894944,1.2105287251087207,-0.03967831988893674,1.3559443093029313,1.1607366411611173,40.0,1.8,-0.07964874031889566,0.07129943711289577,False,return,,0.0,0.0,0.0,0.0,0.0,0.0
0.39399999999908175,0.39399999999908175,2.7369258833555135,1.352231631952392,1.1893797207598995,-0.05061085118625926,1.3582415087798045,1.1362823547967695,40.0,1.8,-0.09047721400222142,0.054342600360648946,False,return,,0.0,0.0,0.0,0.0,0.0,0.0
0.3959999999990771,0.3959999999990771,2.605049857083236,1.3545333028152897,1.1672236209658962,-0.06118200884187687,1.3604887315683554,1.1107674141147503,40.0,1.8,-0.10085801113004328,0.03573796666052023,False,return,,0.0,0.0,0.0,0.0,0.0,0.0
0.39799999999907243,0.39799999999907243,2.473173830810971,1.3568349736781873,1.144060425726711,-0.07137101465394984,1.3626839018907126,1.0842377314333025,40.0,1.8,-0.11076823844855993,0.015508040324319072,False,return,,0.0,0.0,0.0,0.0,0.0,0.0
0.39999999999906777,0.39999999999906777,2.341297804538694,1.359136644541085,1.1188830395971618,-0.08115710539630605,1.3648250380829674,1.0567415083960425,40.0,1.8,-0.12018500270397198,-0.0045040171906935295,False,return,,0.0,0.0,0.0,0.0,0.0,0.0
0.4019999999990631,0.4019999999990631,2.209421778266429,1.3614383154039826,1.0937056534676128,-0.0905195332638091,1.366910257173822,1.0283292359719776,40.0,1.8,-0.12908541064248075,-0.02788529134104624,False,return,,0.0,0.0,0.0,0.0,0.0,0.0
0.40399999999905845,0.40399999999905845,2.0995250897061974,1.3633563744563975,1.0665140764477,-0.09943756630139235,1.3689377794632436,0.999053694455483,40.0,1.8,-0.13744656901028307,-0.035619056322428816,False,return,,0.0,0.0,0.0,0.0,0.0,0.0
0.4059999999990538,0.4059999999990538,1.96764906343392,1.3656580453192952,1.0393224994277868,-0.10789048881650697,1.3709059331011124,0.96896995346632,40.0,1.8,-0.1452455845535821,-0.06196465601153539,False,return,,0.0,0.0,0.0,0.0,0.0,0.0
0.4079999999990491,0.4079999999990491,1.8577523748737015,1.3675761043717098,1.01011673151751,-0.11585760177467835,1.372813158665874,0.9381353719496308,40.0,1.8,-0.1524595640185748,-0.07254383947418871,False,return,,0.0,0.0,0.0,0.0,0.0,0.0
0.40999999999904446,0.40999999999904446,1.7478556863134702,1.3694941634241247,0.9809109636072328,-0.12331822317796866,1.3746580137431903,0.9066095981759316,40.0,1.8,-0.15906561415146409,-0.08625405916518109,False,return,,0.0,0.0,0.0,0.0,0.0,0.0
0.4119999999990398,0.4119999999990398,1.6379589977532516,1.3714122224765393,0.9506981002517739,-0.13025168842657284,1.376439177504588,0.8744545697411266,40.0,1.8,-0.16504084169844707,-0.1012009954956587,False,return,,0.0,0.0,0.0,0.0,0.0,0.0
0.41399999999903514,0.41399999999903514,1.5280623091930206,1.373330281528954,0.920485236896315,-0.1366373506636758,1.3781554552861126,0.8417345135664943,40.0,1.8,-0.17036235340572542,-0.11910670511306193,False,return,,0.0,0.0,0.0,0.0,0.0,0.0
0.4159999999990305,0.4159999999990305,1.4181656206327893,1.375248340581369,0.8892652780956741,-0.14245458110381015,1.379805783166977,0.8085159458986951,40.0,1.8,-0.1750072560194977,-0.1380583505497365,False,return,,0.0,0.0,0.0,0.0,0.0,0.0
0.4179999999990258,0.4179999999990258,1.330248269784617,1.3767827878233005,0.8570382238498513,-0.14768276934506597,1.3813892325482122,0.7748676723097708,40.0,1.8,-0.1789526562859657,-0.14260186006164363,False,return,,0.0,0.0,0.0,0.0,0.0,0.0
0.41999999999902116,0.41999999999902116,1.2203515812243857,1.3787008468757154,0.8238040741588465,-0.15230132366562005,1.382905014731319,0.7408607876971403,40.0,1.8,-0.18217566095132762,-0.16330686235824945,False,return,,0.0,0.0,0.0,0.0,0.0,0.0
0.4219999999990165,0.4219999999990165,1.1324342303762007,1.3802352941176472,0.7905699244678417,-0.15628967130495736,1.3843524854969194,0.7065686762836092,40.0,1.8,-0.18465337676178342,-0.17116796832251654,False,return,,0.0,0.0,0.0,0.0,0.0,0.0
0.42399999999901183,0.42399999999901183,1.0445168795280284,1.3817697413595789,0.7573357747768369,-0.1596272587304225,1.3857311496834046,0.672067011617348,40.0,1.8,-0.18636291046353573,-0.18139035119758593,False,return,,0.0,0.0,0.0,0.0,0.0,0.0
0.4259999999990072,0.4259999999990072,0.9565995286798433,1.3833041886015107,0.7241016250858321,-0.16229355188935152,1.3870406657655892,0.6374337565719216,40.0,1.8,-0.1872813688027789,-0.19382444556468048,False,return,,0.0,0.0,0.0,0.0,0.0,0.0
0.4279999999990025,0.4279999999990025,0.8906615155437045,1.3844550240329596,0.6898603799496453,-0.16426803644762536,1.388280850433359,0.6027491633462739,40.0,1.8,-0.18738585852571987,-0.1911529923958119,False,return,,0.0,0.0,0.0,0.0,0.0,0.0
0.42999999999899785,0.42999999999899785,0.8027441646955196,1.3859894712748915,0.6556191348134586,-0.16553021801511852,1.3894516831703239,0.568095773464722,40.0,1.8,-0.18665348637855225,-0.20570706098898264,False,return,,0.0,0.0,0.0,0.0,0.0,0.0
0.4319999999989932,0.4319999999989932,0.7368061515593936,1.3871403067063401,0.6213778896772717,-0.16605962235831298,1.390553310832468,0.5335584177769638,40.0,1.8,-0.18506135910747953,-0.20661624348292287,False,return,,0.0,0.0,0.0,0.0,0.0,0.0
0.43399999999898853,0.43399999999898853,0.6708681384232548,1.388291142137789,0.5871366445410849,-0.16583579560112022,1.3915860522267989,0.49922421645808324,40.0,1.8,-0.18258658345869996,-0.2090325504477095,False,return,,0.0,0.0,0.0,0.0,0.0,0.0
0.43599999999898387,0.43599999999898387,0.604930125287116,1.389441977569238,0.5528953994048982,-0.16483830441403635,1.3925504026900013,0.4651825790085456,40.0,1.8,-0.17920626617841534,-0.21275233806131522,False,return,,0.0,0.0,0.0,0.0,0.0,0.0
0.4379999999989792,0.4379999999989792,0.5389921121509772,1.3905928130006868,0.5186541542687114,-0.16304673619237725,1.393447038667085,0.43152520425417923,40.0,1.8,-0.1748975140128233,-0.21756059738305542,False,return,,0.0,0.0,0.0,0.0,0.0,0.0
0.43999999999897454,0.43999999999897454,0.47305409901483847,1.3917436484321357,0.48441290913252466,-0.1604406992241379,1.3942768222900377,0.39834608034621233,40.0,1.8,-0.16963743370812484,-0.2232307712074082,False,return,,0.0,0.0,0.0,0.0,0.0,0.0
0.4419999999989699,0.4419999999989699,0.4290954235907587,1.3925108720531014,0.45117875944151986,-0.156999822847833,1.3950408059564743,0.36574148476124807,40.0,1.8,-0.16340313201051954,-0.21599287030009434,False,return,,0.0,0.0,0.0,0.0,0.0,0.0
0.4439999999989652,0.4439999999989652,0.3851367481666662,1.3932780956740674,0.41794460975051506,-0.15270375760110533,1.3957402369082887,0.33380998430126824,40.0,1.8,-0.15617171566620972,-0.2091283921059983,False,return,,0.0,0.0,0.0,0.0,0.0,0.0
0.44599999999896056,0.44599999999896056,0.34117807274257367,1.3940453192950333,0.38571755550469217,-0.14753217536018873,1.3963765618103037,0.302652435093619,40.0,1.8,-0.14792029142139093,-0.20418780755050694,False,return,,0.0,0.0,0.0,0.0,0.0,0.0
0.4479999999989559,0.4479999999989559,0.2972193973184812,1.3948125429159992,0.3534905012588693,-0.14146476947112147,1.3969514313289229,0.2723719825910484,40.0,1.8,-0.1386259660222663,-0.19908376310739817,False,return,,0.0,0.0,0.0,0.0,0.0,0.0
0.44999999999895124,0.44999999999895124,0.25326072189438864,1.3955797665369651,0.32227054245822845,-0.13448125487294157,1.3974667047107803,0.24307406157168693,40.0,1.8,-0.12826584621503398,-0.19534198485820334,False,return,,0.0,0.0,0.0,0.0,0.0,0.0
0.4519999999989466,0.4519999999989466,0.23128138418234243,1.395963378347448,0.29205767910276953,-0.1265613682133006,1.3979244543613916,0.2148663961390192,40.0,1.8,-0.1168170387458976,-0.17731830752290967,False,return,,0.0,0.0,0.0,0.0,0.0,0.0
0.4539999999989419,0.4539999999989419,0.1873227087582499,1.396730601968414,0.26285191119249257,-0.11768486795682188,1.3983269704238044,0.18785899972192965,40.0,1.8,-0.10425665036104856,-0.17538915279244774,False,return,,0.0,0.0,0.0,0.0,0.0,0.0
0.45599999999893726,0.45599999999893726,0.16534337104621638,1.3971142137788968,0.23364614328221564,-0.1078315344870032,1.3986767653572503,0.1621641750746885,40.0,1.8,-0.09056178780669677,-0.15672726744610566,False,return,,0.0,0.0,0.0,0.0,0.0,0.0
0.4579999999989326,0.4579999999989326,0.14336403333417014,1.3974978255893797,0.2064545662623026,-0.0969811702016411,1.398976578515794,0.13789651427693128,40.0,1.8,-0.07570955782903657,-0.13996393434613713,False,return,,0.0,0.0,0.0,0.0,0.0,0.0
0.45999999999892793,0.45999999999892793,0.12138469562212387,1.3978814373998627,0.18027008468757155,-0.08511359960217113,1.3992293807269858,0.11517289873367588,40.0,1.8,-0.05967706717426868,-0.12293426880635813,False,return,,0.0,0.0,0.0,0.0,0.0,0.0
0.46199999999892327,0.46199999999892327,0.09940535791007762,1.3982650492103457,0.15609979400320442,-0.07220866937750124,1.3994383788705105,0.09411249917531858,40.0,1.8,-0.04244142258859128,-0.10708536687219329,False,return,,0.0,0.0,0.0,0.0,0.0,0.0
0.4639999999989186,0.4639999999989186,0.07742602019803137,1.3986486610208286,0.13293659876401925,-0.058246248482602146,1.3996070204568392,0.0748367756576478,40.0,1.8,-0.0239797308182097,-0.0902250349692573,False,return,,0.0,0.0,0.0,0.0,0.0,0.0
0.46599999999891395,0.46599999999891395,0.07742602019803137,1.3986486610208286,0.11078049897001603,-0.04320622821194553,1.3997389982058812,0.05746947756182475,40.0,1.8,-0.0042690986093187056,-0.05661544974195977,False,return,,0.0,0.0,0.0,0.0,0.0,0.0
0.4679999999989093,0.4679999999989093,0.05544668248598511,1.3990322728313116,0.09063859006637676,-0.027068522268403318,1.3998382546256314,0.04213664359438139,40.0,1.8,0.016713367291878944,-0.03835086458492121,False,return,,0.0,0.0,0.0,0.0,0.0,0.0
0.4699999999989046,0.4699999999989046,0.05544668248598511,1.3990322728313116,0.0725108720531014,-0.009813066827660671,1.3999089865908243,0.02896660178724449,40.0,1.8,0.03899056013918378,-0.004320575958850506,False,return,,0.0,0.0,0.0,0.0,0.0,0.0
0.47199999999889997,0.47199999999889997,0.03346734477393886,1.3994158846417946,0.05639734493018998,0.008580179401528911,1.3999556499215844,0.018089969497722694,40.0,1.8,0.06258537318639809,0.015222708599550078,False,return,,0.0,0.0,0.0,0.0,0.0,0.0
0.4739999999988953,0.4739999999988953,0.03346734477393886,1.3994158846417946,0.042298008697642483,0.028131235120772802,1.3999829639620747,0.009639653408468356,40.0,1.8,0.08752069968732233,0.051418832978013154,False,return,,0.0,0.0,0.0,0.0,0.0,0.0
0.47599999999889064,0.47599999999889064,0.03346734477393886,1.3994158846417946,0.03021286335545892,0.04886009638943481,1.39999591615915,0.0037508495275695025,40.0,1.8,0.11381943289575257,0.0893890686997683,False,return,,0.0,0.0,0.0,0.0,0.0,0.0
0.477999999998886,0.477999999998886,0.03346734477393886,1.3994158846417946,0.021149004348821242,0.07078673657524506,1.3999997666410053,0.000561043188464216,40.0,1.8,0.14150446606549258,0.12780141594528108,False,return,,0.0,0.0,0.0,0.0,0.0,0.0
0.4799999999988813,0.4799999999988813,0.03346734477393886,1.3994158846417946,0.014099336232547496,0.09393110630797825,1.4,0.0,40.0,1.8,0.1594610574501928,0.15744686655982132,False,hold,,0.0,0.0,0.0,0.0,0.0,0.0
0.48199999999887666,0.48199999999887666,0.03346734477393886,1.3994158846417946,0.009063859006637675,0.11831313343662488,1.4,0.0,40.0,1.8,0.1594785809109389,0.16652824902720512,False,hold,,0.0,0.0,0.0,0.0,0.0,0.0
0.483999999998872,0.483999999998872,0.03346734477393886,1.3994158846417946,0.008056763561455712,0.14395272298877648,1.4,0.0,40.0,1.8,0.15949610437168504,0.16835854428927877,False,hold,,0.0,0.0,0.0,0.0,0.0,0.0
0.48599999999886734,0.48599999999886734,0.011488007061892607,1.3997994964522775,0.008056763561455712,0.1608697072557174,1.4,0.0,40.0,1.8,0.1595021194781167,0.15302008697639186,False,hold,,0.0,0.0,0.0,0.0,0.0,0.0
0.4879999999988627,0.4879999999988627,0.011488007061892607,1.3997994964522775,0.008056763561455712,0.1601824672194052,1.4,0.0,40.0,1.8,0.15950813458454838,0.15302610208282352,False,hold,,0.0,0.0,0.0,0.0,0.0,0.0
0.489999999998858,0.489999999998858,0.011488007061892607,1.3997994964522775,0.008056763561455712,0.15961064538247402,1.4,0.0,40.0,1.8,0.15951414969098004,0.1530321171892552,False,hold,,0.0,0.0,0.0,0.0,0.0,0.0
0.49199999999885335,0.49199999999885335,0.011488007061892607,1.3997994964522775,0.008056763561455712,0.1591289034182058,1.4,0.0,40.0,1.8,0.1595201647974117,0.15303813229568686,False,hold,,0.0,0.0,0.0,0.0,0.0,0.0
0.4939999999988487,0.4939999999988487,0.011488007061892607,1.3997994964522775,0.008056763561455712,0.15873553150600833,1.4,0.0,40.0,1.8,0.15952617990384338,0.15304414740211852,False,hold,,0.0,0.0,0.0,0.0,0.0,0.0
0.49599999999884403,0.49599999999884403,0.011488007061892607,1.3997994964522775,0.007049668116273748,0.15841844782414802,1.4,0.0,40.0,1.8,0.15953219501027505,0.15486293430987774,False,hold,,0.0,0.0,0.0,0.0,0.0,0.0
0.49799999999883937,0.49799999999883937,0.011488007061892607,1.3997994964522775,0.007049668116273748,0.15816705433122796,1.4,0.0,40.0,1.8,0.1595382101167067,0.1548689494163094,False,hold,,0.0,0.0,0.0,0.0,0.0,0.0
0.4999999999988347,0.4999999999988347,0.011488007061892607,1.3997994964522775,0.007049668116273748,0.15797206371698447,1.4,0.0,40.0,1.8,0.15954422522313838,0.15487496452274108,False,hold,,0.0,0.0,0.0,0.0,0.0,0.0
0.50199999999883,0.50199999999883,0.011488007061892607,1.3997994964522775,0.007049668116273748,0.15782534597754574,1.4,0.0,40.0,1.8,0.15955024032957005,0.15488097962917274,False,hold,,0.0,0.0,0.0,0.0,0.0,0.0
0.5039999999988254,0.5039999999988254,0.011488007061892607,1.3997994964522775,0.006042572671091784,0.15771979242537912,1.4,0.0,40.0,1.8,0.15955625543600174,0.15669976653693193,False,hold,,0.0,0.0,0.0,0.0,0.0,0.0
0.5059999999988207,0.5059999999988207,0.011488007061892607,1.3997994964522775,0.006042572671091784,0.15764919518622977,1.4,0.0,40.0,1.8,0.1595622705424334,0.1567057816433636,False,hold,,0.0,0.0,0.0,0.0,0.0,0.0
0.5079999999988161,0.5079999999988161,0.011488007061892607,1.3997994964522775,0.006042572671091784,0.15760814045041832,1.4,0.0,40.0,1.8,0.15956828564886508,0.15671179674979527,False,hold,,0.0,0.0,0.0,0.0,0.0,0.0
0.5099999999988114,0.5099999999988114,0.011488007061892607,1.3997994964522775,0.006042572671091784,0.1575919139381531,1.4,0.0,40.0,1.8,0.15957430075529674,0.15671781185622694,False,hold,,0.0,0.0,0.0,0.0,0.0,0.0
0.5119999999988067,0.5119999999988067,0.011488007061892607,1.3997994964522775,0.0050354772259098195,0.1575964172086796,1.4,0.0,40.0,1.8,0.1595803158617284,0.15853659876398615,False,hold,,0.0,0.0,0.0,0.0,0.0,0.0
0.5139999999988021,0.5139999999988021,0.011488007061892607,1.3997994964522775,0.0050354772259098195,0.15761809359506265,1.4,0.0,40.0,1.8,0.15958633096816008,0.15854261387041782,False,hold,,0.0,0.0,0.0,0.0,0.0,0.0
0.5159999999987974,0.5159999999987974,0.011488007061892607,1.3997994964522775,0.0050354772259098195,0.1576538626818904,1.4,0.0,40.0,1.8,0.15959234607459175,0.1585486289768495,False,hold,,0.0,0.0,0.0,0.0,0.0,0.0
0.5179999999987928,0.5179999999987928,0.011488007061892607,1.3997994964522775,0.0050354772259098195,0.15770106236299816,1.4,0.0,40.0,1.8,0.1595983611810234,0.15855464408328115,False,hold,,0.0,0.0,0.0,0.0,0.0,0.0
0.5199999999987881,0.5199999999987881,0.011488007061892607,1.3997994964522775,0.0050354772259098195,0.15775739762355379,1.4,0.0,40.0,1.8,0.15960437628745508,0.15856065918971282,False,hold,,0.0,0.0,0.0,0.0,0.0,0.0
